659803.729566004593 5107575.489900914021 659872.344253978808 5107868.402055687271
659828.929987976328 5106653.833329568617 659897.557707557804 5106946.781081336550
659853.958878178615 5105732.123152105138 659922.599629379460 5106025.106435189024
659878.813031648984 5104810.366033636034 659947.466813790728 5105103.384798800573
659903.489246295183 5103888.568644556217 659972.156057999586 5104181.622859084047
659927.984323124634 5102966.737660130486 659996.664162311237 5103259.827307891101
659952.295066475985 5102044.879760083742 660020.987930366769 5102338.004841593094
659976.418284253101 5101123.001628182828 660045.124169376795 5101416.162160662003
660000.350788155338 5100201.109951810911 660069.069690357544 5100494.305969244801
660024.089393909206 5099279.211421563290 660092.821308364277 5099572.442974747159
660719.226729505230 5107623.809642628767 660787.842970926547 5107916.731190344319
660744.472893228638 5106702.018073169515 660813.102141948766 5106994.975101468153
660769.547660625656 5105780.172488292679 660838.189916693489 5106073.164931419306
660794.447827015887 5104858.279560677707 660863.103089772747 5105151.307369299233
660819.170190572739 5103936.345968313515 660887.838458644692 5104229.409109598957
660843.711552556022 5103014.378394071013 660912.392823853297 5103307.476851765998
660868.068717543734 5102092.383525320329 660936.762989263050 5102385.517299793661
660892.238493663492 5101170.368053470738 660960.945762294927 5101463.537161791697
660916.217692825594 5100248.338673589751 660984.937954162131 5100541.543149570003
660940.003130953643 5099326.302083961666 661008.736380101996 5099619.541978218593
661634.995724529377 5107672.174859642982 661703.613580508973 5107965.105929215439
661660.288426298299 5106750.248282389715 661728.919265216799 5107043.214716089889
661685.409866568865 5105828.267280024476 661754.053688524989 5106121.269012017176
661710.356840938795 5104906.238532800227 661779.042848085868 5105199.305867206305
661735.126147845178 5103984.168726289645 661803.795933267451 5104277.240923077799
661759.714588797302 5103062.064550993033 661828.397353184409 5103355.171947323717
661784.118968608673 5102139.932701904327 661852.814709142665 5102433.075298014097
661808.336095629027 5101217.779878105968 661877.044808770763 5101510.957690907642
661832.362781976932 5100295.612782332115 661901.084463474341 5100588.825845476240
661856.195843770169 5099373.438120568171 661924.930488671525 5099666.686484497972
662551.037225391832 5107720.585616352968 662619.656757140998 5108013.526336761191
662576.377262320952 5106798.524021636695 662645.009752600919 5107091.499989684671
662601.546171968221 5105876.407591720112 662670.191620941856 5106169.418741494417
662626.540750206797 5104954.243014423177 662695.199157292373 5105247.289296407253
662651.384570565191 5104032.065037322231 662720.035155932186 5104325.143128034659
662675.991689553251 5103109.785245873034 662744.670730336569 5103402.914016447961
662700.446498974808 5102187.527354306541 662769.143769423361 5102480.678900851868
662724.711770302150 5101265.237166563049 662793.421989068622 5101558.423812623136
662748.786736614071 5100342.932342529297 662817.509899410070 5100636.154121597297
662772.668214220088 5099420.619595893659 662841.404316041968 5099713.876558239572
663467.351907417062 5107769.041977419518 663535.973176204949 5108061.992477720603
663492.740077442955 5106846.845355580561 663561.374280312099 5107139.830987020396
663517.957253797445 5105924.593488059007 663586.604390986147 5106217.614184644073
663543.000232626102 5105002.293070248328 663611.660303608631 5105295.348782364279
663567.865812885459 5104079.950802929699 663636.538816368207 5104373.041497420520
663592.550796575844 5103157.573391842656 663661.277526425547 5103450.746503377333
663617.051988973748 5102235.167547264136 663685.757979255868 5102528.348442264833
663641.366198864649 5101312.739983598702 663710.077984449919 5101605.935591850430
663665.490238773986 5100390.297418953851 663734.214944085339 5100683.528042862192
663689.420925200917 5099467.846574723721 663758.158545188722 5099761.112264392897
664383.940446938388 5107817.544007780030 664452.563514051843 5108110.504417112097
664409.377548823948 5106895.212349174544 664478.013525534538 5107188.207773139700
664434.643790046917 5105972.825034002773 664503.292676679324 5106265.855406533927
664459.735967022018 5105050.388765248470 664528.397763116751 5105343.454036632553
664484.650878961897 5104127.910251289606 664553.325583270751 5104421.010388254188
664509.385328107979 5103205.396205493249 664578.072938597878 5103498.531191278249
664533.936119964230 5102282.853345786221 664602.636633823044 5102576.023180212826
664558.300063529052 5101360.288394237868 664627.013477175264 5101653.493093784899
664582.473971528234 5100437.708076649345 664651.200280619669 5100730.947674496099
664606.454660647199 5099515.119122114033 664675.193860094645 5099808.393668204546
665300.803521300550 5107866.091772651300 665369.428448003484 5108159.062220235355
665326.290354637313 5106943.625067637302 665394.928166426020 5107236.630413378589
665351.606459723087 5106021.102294789627 665420.257157020154 5106314.142472528853
665376.748633240000 5105098.530164668337 665445.412215660093 5105391.605124596506
665401.713674652507 5104175.915393265896 665470.390141001786 5104469.025101986714
665426.498386440799 5103253.264701571316 665495.187734720646 5103546.409142198041
665451.099574333639 5102330.584815164097 665519.801801747992 5102623.763987381943
665475.514047540491 5101407.882463786751 665544.229150504805 5101701.096383924596
665499.738618983189 5100485.164380927570 665568.466593137477 5100778.413082016632
665523.770105531090 5099562.437303401530 665592.510945750284 5099855.720835222863
666217.941808859468 5107914.685337510891 666286.568656351883 5108207.665952668525
666243.479174070642 5106992.083576466888 666312.118882120587 5107285.098973343149
666268.845942850458 5106069.425335925072 666337.498511987389 5106362.475448271260
666294.038912144839 5105146.717334034853 666362.704342066427 5105439.802111929283
666319.054881668533 5104223.966294394806 666387.733171241474 5104517.085704322904
666343.890654136776 5103301.178945624270 666412.581801403896 5103594.332970569842
666368.543035500334 5102378.362020962872 666437.247037686058 5102671.550660464913
666393.008835176239 5101455.522257824428 666461.725688699516 5101748.745528065600
666417.284866281203 5100532.666397394612 666486.014566766680 5100825.924331248738
666441.367945864098 5099609.801184198819 666510.110488156439 5099903.093831291422
667135.355988983763 5107963.324768126011 667203.984818361816 5108256.315680280328
667160.944687327719 5107040.587941437960 667229.586352728074 5107333.613518935628
667186.362920472515 5106117.794223197736 667255.017422540113 5106410.854399690405
667211.607485624962 5105194.950339145027 667280.274824147928 5105488.045064598322
667236.675182746374 5104272.063020485453 667305.355356659857 5104565.192261259072
667261.562814785982 5103349.139003480785 667330.255822177278 5103642.302742416970
667286.267187912483 5102426.185029024258 667354.973026031977 5102719.383265519515
667310.785111748148 5101503.207842206582 667379.503777022008 5101796.440592289902
667335.113399600727 5100580.214191914536 667403.844887642772 5100873.481488305144
667359.248868697672 5099657.210830394179 667427.993174323463 5099950.512722558342
668053.046742056496 5108012.010130533017 668121.677614270477 5108305.011469213292
668078.687575628981 5107089.138228603639 668147.331259335857 5107382.174116333015
668104.158074651612 5106166.209022671916 668172.814570619143 5106459.279393007047
668129.455036589643 5105243.229246071540 668198.124344703043 5105536.334048853256
668154.575261648628 5104320.205637631007 668223.257380915340 5104613.344839081168
668179.515553007368 5103397.144941243343 668248.210481564980 5103690.318524062634
668204.272717050393 5102474.053905464709 668272.980452179792 5102767.261868897825
668228.843563602190 5101550.939283071086 668297.564101738622 5101844.181642986834
668253.224906159448 5100627.807830646634 668321.958242907887 5100921.084619604982
668277.413562123431 5099704.666308156215 668346.159692273824 5099997.977575468831
